146244
141558
150232
155130
149708
147942
149576
143440
144991
164648
152792
157016
147204
147286
148612
147821
163031
149239
148231
145917
140231
167580
153111
151210
164114
155867
150094
101356
148586
141342
147425
154742
155381
149786
140672
141749
141444
151439
144287
84424
148108
153198
95219
155675
153862
160847
152739
146250
143869
145819
140892
141178
140545
142488
155579
154813
143944
148307
148458
152621
159412
145749
143015
148200
142219
141293
152740
141897
154541
148915
149608
142708
146293
162524
151835
94538
144721
155146
143453
156155
146774
148301
148651
146680
145612
149504
145525
149037
144379
150479
152170
144025
145288
147986
161020
148171
158939
150898
147242
151419
144972
148103
150942
148101
148149
167258
146399
152154
149570
151810
152627
148028
150202
145139
146742
145742
148909
143824
152779
167028
161100
144620
159211
147758
143482
149914
145460
156220
142010
147981
149690
144002
152188
91135
145092
145909
154860
151227
145472
148915
100280
152828
149313
144511
151256
97135
159510
155825
101448
150134
145390
146807
147323
150080
145249
151604
150298
150334
147801
147484
142562
148635
101713
150151
151524
148578
152815
149817
147147
147544
144541
147711
151496
91486
102279
152560
145612
148790
148631
148504
149422
96975
149390
147647
156184
154897
158499
165067
145483
148900
149633
148543
144234
151848
147323
147210
151984
149033
153271
149222
168930
149586
150641
153310
147816
152698
149447
151523
145707
148588
145718
146691
146935
146373
148350
158980
146846
151673
150904
145243
146301
150843
142020
147542
144876
151244
151652
147145
150395
147529
147878
162866
142055
149117
149070
154767
145880
143192
144155
147915
147768
152268
146031
147639
150128
148249
149821
152391
149837
152240
144835
148112
144842
163882
142870
143892
101903
147460
162886
147396
150868
145743
145556
150957
147203
158268
141323
147993
148137
149148
152698
163998
147202
147972
95873
147692
164059
164522
149329
101035
149655
164465
148811
164086
145417
154993
268520
193797
149773
149862
153748
168732
151934
153282
153986
154327
149272
151089
152535
151550
99880
147385
148701
156126
103957
150007
145187
164508
152455
149378
149335
154901
151389
167740
165838
149114
148952
164474
151199
166127
160270
148884
154817
149602
154342
167039
153605
95136
144107
96859
144449
148466
152789
150731
148304
164561
145925
149681
150930
147959
151791
150472
144620
155097
92970
146708
149606
152209
149863
150275
149718
145120
146777
147806
150069
144980
157801
144130
148458
152660
144819
147331
145016
150989
151247
148026
98675
147857
150687
92033
157857
151011
146082
146897
146433
161662
147945
163446
147544
152482
154642
159169
150264
153521
144933
147837
148385
154092
144282
104331
154761
158211
149075
148522
152952
149675
159710
100468
156180
148150
152634
146402
145491
153918
152375
153449
150522
155427
149698
154190
154590
150466
157128
148195
155304
148259
160682
147603
150293
150696
155671
162249
153007
98845
94335
97365
157503
158649
154306
149881
144401
152285
155180
148022
145892
151768
153428
172528
156251
147844
148877
147728
159226
150077
148616
152035
148159
148549
147022
151852
149685
162253
146306
150364
153945
156132
102474
151496
147225
148563
145130
149268
150734
157125
160620
153838
108501
146958
147741
151245
147407
159965
175544
164890
150444
155982
89542
155128
146587
153961
155135
149860
148021
154991
146165
147940
105106
103424
149272
145589
156675
160904
143521
92252
148906
153109
152744
151639
153713
148790
157537
143038
146812
150139
145603
153973
147688
152907
151588
145948
148173
165934
