0.000042619
0.000047075
0.000047010
0.000045748
0.000042824
0.000042140
0.000041516
0.000042418
0.000045178
0.000044990
0.000041869
0.000041179
0.000045375
0.000044227
0.000042374
0.000043875
0.000044030
0.000030172
0.000046181
0.000046017
0.000044252
0.000044562
0.000044068
0.000046265
0.000044926
0.000044274
0.000048594
0.000044515
0.000045082
0.000045262
0.000044902
0.000043161
0.000043670
0.000045510
0.000042436
0.000042998
0.000043352
0.000042820
0.000046172
0.000047432
0.000048391
0.000048613
0.000045680
0.000043248
0.000047359
0.000030132
0.000044949
0.000044293
0.000044302
0.000047753
0.000043824
0.000045795
0.000042973
0.000044708
0.000046662
0.000045424
0.000042804
0.000044856
0.000044860
0.000044375
0.000046273
0.000044699
0.000043941
0.000043990
0.000044278
0.000043031
0.000043560
0.000044921
0.000045148
0.000048702
0.000044494
0.000048407
0.000028299
0.000043852
0.000031668
0.000043733
0.000043129
0.000044568
0.000044825
0.000043259
0.000053064
0.000048044
0.000046396
0.000045311
0.000045033
0.000047683
0.000027530
0.000045829
0.000043710
0.000048063
0.000044826
0.000046902
0.000042603
0.000042149
0.000041981
0.000042796
0.000042041
0.000044669
0.000045509
0.000042692
0.000044144
0.000045858
0.000045006
0.000044008
0.000043612
0.000043842
0.000044986
0.000045373
0.000043923
0.000043084
0.000042845
0.000042672
0.000041974
0.000043854
0.000046076
0.000044726
0.000044881
0.000043534
0.000042693
0.000048104
0.000044604
0.000044674
0.000043606
0.000042323
0.000042834
0.000042521
0.000043876
0.000046261
0.000043677
0.000043588
0.000044141
0.000042318
0.000045131
0.000044519
0.000044158
0.000045709
0.000045895
0.000045279
0.000043924
0.000045099
0.000044398
0.000045761
0.000046747
0.000044591
0.000042924
0.000043436
0.000042982
0.000044876
0.000044008
0.000043317
0.000043251
0.000043182
0.000046304
0.000045564
0.000043339
0.000044830
0.000047657
0.000043003
0.000042228
0.000045941
0.000041963
0.000044460
0.000043619
0.000042204
0.000043935
0.000048224
0.000043368
0.000043521
0.000043272
0.000047021
0.000043827
0.000043076
0.000042784
0.000044489
0.000028289
0.000043759
0.000043644
0.000042446
0.000045389
0.000042887
0.000049339
0.000044450
0.000044313
0.000043903
0.000042483
0.000043058
0.000046542
0.000042953
0.000044991
0.000043320
0.000045491
0.000044194
0.000044524
0.000043576
0.000043582
0.000050115
0.000043829
0.000043331
0.000042971
0.000044567
0.000045201
0.000027858
0.000044772
0.000045519
0.000045873
0.000042657
0.000043011
0.000042140
0.000047877
0.000043034
0.000043894
0.000045754
0.000045412
0.000043562
0.000044791
0.000042296
0.000044320
0.000044282
0.000044070
0.000044551
0.000043461
0.000047711
0.000048221
0.000043780
0.000043821
0.000028247
0.000043652
0.000042919
0.000046604
0.000043947
0.000043676
0.000044672
0.000045545
0.000044098
0.000043069
0.000043472
0.000046882
0.000042543
0.000044222
0.000044192
0.000043008
0.000044015
0.000044267
0.000047651
0.000054982
0.000049487
0.000043587
0.000047620
0.000042958
0.000044665
0.000044354
0.000044377
0.000044469
0.000045116
0.000043867
0.000043505
0.000044037
0.000048039
0.000042601
0.000043346
0.000043666
0.000044466
0.000042731
0.000044406
0.000044565
0.000044423
0.000044849
0.000044127
0.000043648
0.000045331
0.000047051
0.000046744
0.000044626
0.000042592
0.000043889
0.000043652
0.000043171
0.000043803
0.000043756
0.000045416
0.000046531
0.000043124
0.000044101
0.000043496
0.000044299
0.000043248
0.000026942
0.000042988
0.000045785
0.000044181
0.000042806
0.000042894
0.000042656
0.000025092
0.000026573
0.000044778
0.000042343
0.000045012
0.000043302
0.000045169
0.000047096
0.000044601
0.000043862
0.000043058
0.000046867
0.000042376
0.000044303
0.000042399
0.000042440
0.000046148
0.000042534
0.000045104
0.000041779
0.000041911
0.000043202
0.000045697
0.000045785
0.000042095
0.000048120
0.000044688
0.000026897
0.000042903
0.000042269
0.000042738
0.000042409
0.000025954
0.000042372
0.000044922
0.000043035
0.000043887
0.000042220
0.000042952
0.000044040
0.000043182
0.000043378
0.000027820
0.000043292
0.000044270
0.000045612
0.000043896
0.000042325
0.000043520
0.000043138
0.000043020
0.000043676
0.000043189
0.000043595
0.000041889
0.000045768
0.000045488
0.000042827
0.000028580
0.000043271
0.000044853
0.000027801
0.000043934
0.000040968
0.000043600
0.000042707
0.000042568
0.000046402
0.000044076
0.000044178
0.000046477
0.000047940
0.000044854
0.000045717
0.000045626
0.000049467
0.000050494
0.000049353
0.000042978
0.000043022
0.000042604
0.000041299
0.000045709
0.000044170
0.000047663
0.000043481
0.000045259
0.000044520
0.000043028
0.000048269
0.000044375
0.000049266
0.000046801
0.000044194
0.000042212
0.000044795
0.000047138
0.000043698
0.000043771
0.000048392
0.000045616
0.000049306
0.000048449
0.000042842
0.000045395
0.000048299
0.000043667
0.000044375
0.000048560
0.000026300
0.000044248
0.000028390
0.000043492
0.000044066
0.000045663
0.000044239
0.000043333
0.000045867
0.000044196
0.000043999
0.000045257
0.000049730
0.000046286
0.000048272
0.000044343
0.000043707
0.000047840
0.000044523
0.000043072
0.000043830
0.000044029
0.000045708
0.000044574
0.000045049
0.000045514
0.000044870
0.000046473
0.000042999
0.000043225
0.000043820
0.000042741
0.000049865
0.000047672
0.000043832
0.000045349
0.000044136
0.000046967
0.000046291
0.000043923
0.000049749
0.000027731
0.000048001
0.000044658
0.000043455
0.000044477
0.000043729
0.000048188
0.000047293
0.000045994
0.000045927
0.000043086
0.000043641
0.000045127
0.000048902
0.000044004
0.000042813
0.000045710
0.000044311
0.000046216
0.000044068
0.000043617
0.000043630
0.000043068
0.000049417
0.000042252
0.000044243
0.000043871
0.000042922
0.000044251
0.000044120
0.000044669
0.000044783
0.000043589
0.000043126
0.000044801
0.000044851
0.000045719
0.000044089
0.000043543
0.000046295
0.000042662
0.000045012
0.000043937
0.000042788
0.000041957
0.000044511
0.000048541
0.000026843
0.000044533
0.000044651
0.000042940
0.000043992
0.000045586
0.000045467
0.000043757
0.000043855
0.000044726
0.000043233
0.000042885
0.000042687
0.000043982
0.000043617
0.000042306
0.000043389
0.000045194
0.000048667
0.000044830
0.000042974
0.000044124
